url,website,company_title
https://clutch.co/profile/binerals,https://binerals.com/?utm_source=clutch.co&utm_medium=referral&utm_campaign=directory&utm_content=clutch,Binerals
https://clutch.co/profile/startupsoft,,StartupSoft
https://clutch.co/profile/inventorsoft,,Inventorsoft
https://clutch.co/profile/devire,,Devire
https://clutch.co/profile/devico,,Devico
https://clutch.co/profile/procoders,,ProCoders
https://clutch.co/profile/allstarsit-0,,ALLSTARSIT
https://clutch.co/profile/ragnar-k-group,,Ragnarök Group
https://clutch.co/profile/sda,,SDA
https://clutch.co/profile/pentalog,,Pentalog
https://clutch.co/profile/indexdev,,Index.dev
https://clutch.co/profile/softkit,,Softkit
https://clutch.co/profile/softermii,,Softermii
https://clutch.co/profile/geomotiv,,Geomotiv
https://clutch.co/profile/jaydevs,,JayDevs
https://clutch.co/profile/bluebird-international,,Bluebird International
https://clutch.co/profile/intetics,,Intetics Inc.
https://clutch.co/profile/maybeworks,,MaybeWorks
https://clutch.co/profile/drupfan,,Drupfan
https://clutch.co/profile/synapse-team,,Synapse Team
https://clutch.co/profile/itds-0,,ITDS
https://clutch.co/profile/multiplica,,Multiplica
https://clutch.co/profile/talmatic,,Talmatic
https://clutch.co/profile/interventure,,InterVenture
https://clutch.co/profile/eleks,,ELEKS
https://clutch.co/profile/brightgrove,,Brightgrove
https://clutch.co/profile/fatcat-coders,,FatCat Coders
https://clutch.co/profile/itido,,ITIDO
https://clutch.co/profile/incode-group,,Incode Group
https://clutch.co/profile/99x,,99x
https://clutch.co/profile/mobilunity,,Mobilunity
https://clutch.co/profile/secret-source-technology-sl,,Secret Source Technology SL
https://clutch.co/profile/code-poets,,Code Poets
https://clutch.co/profile/tekrevol,,TekRevol
https://clutch.co/profile/newxel,,Newxel
https://clutch.co/profile/notum-technologies,,NOTUM Technologies
https://clutch.co/profile/one-beyond,,One Beyond
https://clutch.co/profile/scalamandra,,Scalamandra
https://clutch.co/profile/deazy,,Deazy
https://clutch.co/profile/scalac,,Scalac
https://clutch.co/profile/tateeda,,Tateeda
https://clutch.co/profile/esca,,ESCA
https://clutch.co/profile/codete,,Codete
https://clutch.co/profile/intobi,,Intobi
https://clutch.co/profile/perceptionbox,,PerceptionBox
https://clutch.co/profile/appvales,,APPVALES
https://clutch.co/profile/weassemble,,WeAssemble
https://clutch.co/profile/youdigitalcom,,YouDigital.com
https://clutch.co/profile/neklo,,NEKLO LLC
https://clutch.co/profile/vreal-soft-0,,VReal Soft
https://clutch.co/profile/gitmax,,GitMax
https://clutch.co/profile/ideamotive,,Ideamotive
https://clutch.co/profile/edge-one-solutions,,Edge One Solutions
https://clutch.co/profile/bluesoft-sp-z-oo,,BlueSoft Sp. z o.o.
https://clutch.co/profile/forte-group,,Forte Group
https://clutch.co/profile/codemerx,,CodeMerx
https://clutch.co/profile/mindecs,,Mindecs
https://clutch.co/profile/devox-software,,Devox Software
https://clutch.co/profile/kozak-agency,,Kozak Agency
https://clutch.co/profile/proffiz,,Proffiz
https://clutch.co/profile/bits-orchestra,,Bits Orchestra
https://clutch.co/profile/vmpl-software-house,,VM.PL Software House
https://clutch.co/profile/soflab-technology,,Soflab Technology
https://clutch.co/profile/ncube,,nCube
https://clutch.co/profile/forbytes,,Forbytes
https://clutch.co/profile/code-ampampampampampampamp-pepper,,Code &amp;amp;amp;amp;amp;amp;amp; Pepper
https://clutch.co/profile/koitechs,,koitechs
https://clutch.co/profile/itexus,,Itexus
https://clutch.co/profile/powercode,,Powercode
https://clutch.co/profile/ukad,,UKAD
https://clutch.co/profile/aimprosoft,,Aimprosoft
https://clutch.co/profile/red-jumpers,,Red Jumpers
https://clutch.co/profile/bladeware-0,,Bladeware
https://clutch.co/profile/dataart,,DataArt
https://clutch.co/profile/crodu,,CRODU
https://clutch.co/profile/qit-software,,QIT Software
https://clutch.co/profile/division5,,Division5
https://clutch.co/profile/rewisoft,,RewiSoft
https://clutch.co/profile/innovant-0,,INNOVANT
https://clutch.co/profile/instandart,,InStandart
https://clutch.co/profile/relout,,Relout
https://clutch.co/profile/elmosoft,,ElmoSoft
https://clutch.co/profile/deventor,,Deventor
https://clutch.co/profile/chetu,,"Chetu, Inc."
https://clutch.co/profile/impressit,,Impressit
https://clutch.co/profile/billennium,,Billennium
https://clutch.co/profile/reintech,,Reintech
https://clutch.co/profile/incredevo-sp-z-oo,,IncreDevo sp. z o.o.
https://clutch.co/profile/varyence,,Varyence
https://clutch.co/profile/intechhouse-0,,INTechHouse
https://clutch.co/profile/soloway-technologies,,SoloWay Technologies
https://clutch.co/profile/tessafold,,Tessafold LLC
https://clutch.co/profile/agiledrop-developers-agencies-house-teams,,Agiledrop - developers for agencies and in-house teams
https://clutch.co/profile/vangwe,,Vangwe
https://clutch.co/profile/red-rocket-software,,Red Rocket Software
https://clutch.co/profile/dacdigital,,DAC.digital
https://clutch.co/profile/vimanet,,Vimanet
https://clutch.co/profile/staffingpartner,,StaffingPartner
https://clutch.co/profile/smplfy,,Smplfy
https://clutch.co/profile/ascendro-technologies,,Ascendro Technologies
https://clutch.co/profile/advantiss,,AdvantISS
https://clutch.co/profile/intelvision,,Intelvision
https://clutch.co/profile/blackbit-digital-commerce-gmbh,,Blackbit digital Commerce GmbH
https://clutch.co/profile/ssa-group,,SSA Group
https://clutch.co/profile/smartym-pro,,Smartym Pro
https://clutch.co/profile/mcpk,,mcpk.
https://clutch.co/profile/intellectsoft,,Intellectsoft
https://clutch.co/profile/waveaccess,,WaveAccess
https://clutch.co/profile/shore-teams,,SHORE teams
https://clutch.co/profile/lets-nurture,,Lets Nurture
https://clutch.co/profile/evenstar,,The Evenstar
https://clutch.co/profile/virtido,,Virtido
https://clutch.co/profile/covent-it,,Covent IT
https://clutch.co/profile/smartitory,,Smartitory
https://clutch.co/profile/qarea,,QArea
https://clutch.co/profile/softiq,,SOFTIQ
https://clutch.co/profile/softloft,,SoftLoft
https://clutch.co/profile/influential-software,,Influential Software
https://clutch.co/profile/exelor,,Exelor
https://clutch.co/profile/stanga1,,Stanga1
https://clutch.co/profile/uvik-software,,UVIK Software
https://clutch.co/profile/byvoice,,byVoice
https://clutch.co/profile/lemapp,,LemApp
https://clutch.co/profile/grinteq,,Grinteq
https://clutch.co/profile/antma-it,,Antma IT
https://clutch.co/profile/acquaint-softtech-private,,Acquaint Softtech Private Limited
https://clutch.co/profile/herodot,,hero/dot
https://clutch.co/profile/codefia,,Codefia
https://clutch.co/profile/voidweb,,Voidweb
https://clutch.co/profile/crypton-studio,,Crypton Studio
https://clutch.co/profile/bytecorp-technologies,,ByteCorp Technologies
https://clutch.co/profile/innovation-feel,,Innovation Feel
https://clutch.co/profile/evotalents-tech-recruiting,,EvoTalents | Tech Recruiting
https://clutch.co/profile/dirox,,Dirox
https://clutch.co/profile/sia-midis-rsez,,SIA Midis RSEZ
https://clutch.co/profile/digitalmara,,DigitalMara
https://clutch.co/profile/intersog,,INTERSOG
https://clutch.co/profile/team-international,,TEAM International
https://clutch.co/profile/evolve-it-consulting,,Evolve IT Consulting
https://clutch.co/profile/mejix,,Mejix
https://clutch.co/profile/300brains,,300Brains
https://clutch.co/profile/adaptiq,,Adaptiq
https://clutch.co/profile/piligrim,,Piligrim
https://clutch.co/profile/barwenock,,Barwenock
https://clutch.co/profile/g-groupdev,,G-Group.dev
https://clutch.co/profile/leaware,,Leaware
https://clutch.co/profile/jatapp,,JatApp
https://clutch.co/profile/fabrit-global,,Fabrit Global
https://clutch.co/profile/corner-case-technologies,,Corner Case Technologies
https://clutch.co/profile/antagosoft,,Antagosoft
https://clutch.co/profile/linksoft-technologies,,LinkSoft Technologies
https://clutch.co/profile/talent-first,,Talent First
https://clutch.co/profile/itfs,,ITFS
https://clutch.co/profile/moldoweb,,MoldoWEB
https://clutch.co/profile/idego-group,,Idego Group
https://clutch.co/profile/global-cloud-team,,Global Cloud Team
https://clutch.co/profile/team-connect,,Team Connect Ltd.
https://clutch.co/profile/app-solutions,,The APP Solutions
https://clutch.co/profile/clover-dynamics,,Clover Dynamics
https://clutch.co/profile/civitta-1-0,,Civitta
https://clutch.co/profile/archysoft,,ArchySoft
https://clutch.co/profile/liki,,Liki
https://clutch.co/profile/skillers,,Skillers
https://clutch.co/profile/mappitall,,Mappitall
https://clutch.co/profile/talando,,Talando
https://clutch.co/profile/codebooq,,Codebooq
https://clutch.co/profile/solvemind,,SolveMind
https://clutch.co/profile/abit-technologies,,ABIT Technologies
https://clutch.co/profile/sorcible,,Sorcible
https://clutch.co/profile/moravio,,Moravio
https://clutch.co/profile/kalinax,,Kalinax
https://clutch.co/profile/do-ok,,DO OK
https://clutch.co/profile/omnes-group,,Omnes Group
https://clutch.co/profile/deviark,,Deviark
https://clutch.co/profile/magnise-0,,Magnise
https://clutch.co/profile/softlike,,SoftLike
https://clutch.co/profile/bjss,,BJSS
https://clutch.co/profile/exb-soft,,EXB Soft
https://clutch.co/profile/skm-group,,SKM Group
https://clutch.co/profile/qubit-labs,,Qubit Labs
https://clutch.co/profile/piesoft,,PieSoft
https://clutch.co/profile/codex-software,,Codex Software
https://clutch.co/profile/talent-r,,talent-r
https://clutch.co/profile/serengeti,,Serengeti
https://clutch.co/profile/devbrother,,DevBrother
https://clutch.co/profile/liftup,,LiftUp
https://clutch.co/profile/itcraftship,,ITCraftship
https://clutch.co/profile/motife,,MOTIFE
https://clutch.co/profile/tsd-group,,TSD Group
https://clutch.co/profile/rebbix,,Rebbix
https://clutch.co/profile/heaven-solutions,,Heaven Solutions
https://clutch.co/profile/aionys,,Aionys
https://clutch.co/profile/my-team-abroad,,My Team Abroad
https://clutch.co/profile/active-bridge,,Active Bridge
https://clutch.co/profile/rollout-it,,Rollout IT
https://clutch.co/profile/codify-0,,Codify
https://clutch.co/profile/devtalents,,DevTalents
https://clutch.co/profile/cubicfox,,Cubicfox
https://clutch.co/profile/kernelics,,Kernelics
https://clutch.co/profile/it-hoot,,IT Hoot
https://clutch.co/profile/elitex,,ELITEX
https://clutch.co/profile/your-iteams,,Your ITeams
https://clutch.co/profile/tech-breeze,,Tech Breeze
https://clutch.co/profile/rits-professional-services-sp-z-oo,,RITS Professional Services sp. z o.o.
https://clutch.co/profile/fontana,,Fontana
https://clutch.co/profile/starnavi,,STARNAVI
https://clutch.co/profile/inwedo,,Inwedo
https://clutch.co/profile/rndpoint,,RNDpoint
https://clutch.co/profile/danubius-it-solutions,,Danubius IT Solutions
https://clutch.co/profile/wildcodes,,Wild.Codes
https://clutch.co/profile/jimmy-technologies,,Jimmy Technologies
https://clutch.co/profile/eloquentix,,Eloquentix
https://clutch.co/profile/docode,,.doCode
https://clutch.co/profile/vrp-consulting,,VRP Consulting
https://clutch.co/profile/j-labs-software-specialists,,j-labs software specialists
https://clutch.co/profile/cult-coders,,Cult of Coders
https://clutch.co/profile/codeq,,Codeq
https://clutch.co/profile/quema,,Quema
https://clutch.co/profile/isd-0,,ISD
https://clutch.co/profile/next-technology-professionals,,Next Technology Professionals
https://clutch.co/profile/foundevs,,Foundevs
https://clutch.co/profile/wise-vision,,Wise Vision
https://clutch.co/profile/milies,,Milies
https://clutch.co/profile/acom-digital,,Acom Digital
https://clutch.co/profile/asper-brothers,,ASPER BROTHERS
https://clutch.co/profile/innovation-software,,Innovation Software
https://clutch.co/profile/riseserv,,RiseServ
https://clutch.co/profile/recodeit,,Recodeit
https://clutch.co/profile/codepixel,,Codepixel
https://clutch.co/profile/grape-2,,Grape Up
https://clutch.co/profile/codibly,,Codibly
https://clutch.co/profile/prognetics,,Prognetics
https://clutch.co/profile/mdevelopers,,mDevelopers
https://clutch.co/profile/bit-adventure,,Bit Adventure
https://clutch.co/profile/kings-choice,,KING'S CHOICE
https://clutch.co/profile/oak-tree-technologies,,Oak-Tree Technologies
https://clutch.co/profile/hotovo-0,,HOTOVO
https://clutch.co/profile/intelactsoft,,Intelactsoft
https://clutch.co/profile/polytech-software,,Polytech Software
https://clutch.co/profile/sonder-digital,,Sonder Digital
https://clutch.co/profile/loginet-systems,,LogiNet Systems
https://clutch.co/profile/bulcode,,Bulcode
https://clutch.co/profile/1000software,,1000software
https://clutch.co/profile/data-science-ua,,Data Science UA
https://clutch.co/profile/all-front,,All Front
https://clutch.co/profile/it-outstaffingcom,,iT-Outstaffing.com
https://clutch.co/profile/qa-madness,,QA Madness
https://clutch.co/profile/buildapps,,BuildApps
https://clutch.co/profile/distributed,,Distributed
https://clutch.co/profile/spinbitsio,,spinbits.io
https://clutch.co/profile/boopro-technology,,Boopro Technology
https://clutch.co/profile/freysoft,,FREYSOFT
https://clutch.co/profile/devgrid,,DevGrid
https://clutch.co/profile/starios,,αstarios
https://clutch.co/profile/white-label,,White Label
https://clutch.co/profile/elasticsoft,,Elasticsoft
https://clutch.co/profile/devabundance,,DevAbundance
https://clutch.co/profile/unit-space,,Unit Space
https://clutch.co/profile/codahead,,Codahead
https://clutch.co/profile/ingemark,,Ingemark
https://clutch.co/profile/root-codex,,Root Codex
https://clutch.co/profile/econsulting,,eConsulting
https://clutch.co/profile/go-interactive,,GO Interactive
https://clutch.co/profile/webchain,,Webchain
https://clutch.co/profile/stormotion,,Stormotion
https://clutch.co/profile/apreel,,apreel
https://clutch.co/profile/vp-software,,VP Software
https://clutch.co/profile/kaynes,,Kaynes
https://clutch.co/profile/volumetree,,Volumetree
https://clutch.co/profile/telesoftas,,TeleSoftas
https://clutch.co/profile/hand2band,,Hand2band
https://clutch.co/profile/ray-solutions,,Ray Solutions Ltd
https://clutch.co/profile/circle-square,,Circle Square
https://clutch.co/profile/zendev-ab,,ZenDev AB
https://clutch.co/profile/sunbytes,,Sunbytes
https://clutch.co/profile/mcknight-media,,McKnight Media
https://clutch.co/profile/techtalent-software,,TechTalent Software
https://clutch.co/profile/agilos-it,,Agilos IT
https://clutch.co/profile/evolvice-gmbh,,Evolvice GmbH
https://clutch.co/profile/sceelio-gmbh,,sceel.io GmbH
https://clutch.co/profile/obc,,OBC
https://clutch.co/profile/pluralit-inclusive-technology,,Pluralit Inclusive Technology
https://clutch.co/profile/efisco,,Efisco
https://clutch.co/profile/200ok-solutions,,200OK Solutions
https://clutch.co/profile/bertoni-solutions,,Bertoni Solutions
https://clutch.co/profile/rinftech,,rinf.tech
https://clutch.co/profile/devensis,,Devensis
https://clutch.co/profile/ua-tech-people-ex-craftum,,UA Tech People (ex. Craftum)
https://clutch.co/profile/moveup-recruitment-agency,,MoveUp recruitment agency
https://clutch.co/profile/sunvery,,Sunvery
https://clutch.co/profile/iternal-group,,ITernal Group
https://clutch.co/profile/speedapp-people-you-need,,speedapp | the people you need
https://clutch.co/profile/ip-partner,,IP Partner
https://clutch.co/profile/alvariumsoft,,AlvariumSoft
https://clutch.co/profile/wise-step-recruiting-srl,,WISE STEP RECRUITING S.R.L.
https://clutch.co/profile/blitzbrain,,BlitzBrain
https://clutch.co/profile/luminos-software,,Luminos Software
https://clutch.co/profile/web-recruiters,,Web Recruiters
https://clutch.co/profile/oves-enterprise,,Oves Enterprise
https://clutch.co/profile/railay,,Railay
https://clutch.co/profile/droptica,,Droptica
https://clutch.co/profile/druit,,DruIT
https://clutch.co/profile/modsen,,Modsen
https://clutch.co/profile/quantox-technology,,Quantox Technology
https://clutch.co/profile/qualimatrix-technologies,,Qualimatrix Technologies Pvt Ltd
https://clutch.co/profile/koia,,KOIA
https://clutch.co/profile/mindbox-0,,Mindbox
https://clutch.co/profile/primehammer,,primehammer
https://clutch.co/profile/techvision-global,,TechVision Global
https://clutch.co/profile/binovate-labs,,Binovate Labs
https://clutch.co/profile/it-force,,IT Force
https://clutch.co/profile/ansi-solutions,,ANSI Solutions
https://clutch.co/profile/inspeerity,,Inspeerity
https://clutch.co/profile/euristiq,,Euristiq
https://clutch.co/profile/coxit,,COXIT
https://clutch.co/profile/hire-ukraine,,Hire Ukraine
https://clutch.co/profile/codnity,,Codnity
https://clutch.co/profile/aristek-systems,,Aristek Systems
https://clutch.co/profile/leanylabs,,LeanyLabs
https://clutch.co/profile/codelions,,CodeLions
https://clutch.co/profile/blue-house-technologies,,Blue House Technologies
https://clutch.co/profile/primotly,,Primotly
https://clutch.co/profile/11sigma,,11Sigma
https://clutch.co/profile/codelevate,,Codelevate
https://clutch.co/profile/avocado-technology,,Avocado Technology
https://clutch.co/profile/pampampampampampampampampp-solutions-sp-z-oo,,P&amp;amp;amp;amp;amp;amp;amp;amp;P Solutions Sp. z o.o.
https://clutch.co/profile/gotoinc,,Gotoinc
https://clutch.co/profile/addendum,,ADDENDUM
https://clutch.co/profile/flat-rock-technology,,Flat Rock Technology
https://clutch.co/profile/lnoks,,LNOKS
https://clutch.co/profile/maestro-1,,Maestro
https://clutch.co/profile/rise-0,,RISE
https://clutch.co/profile/techband,,Techband
https://clutch.co/profile/dss-digital-software-solutions,,DSS - Digital and Software Solutions
https://clutch.co/profile/ivy-tech,,ivy tech
https://clutch.co/profile/softgroup-0,,SoftGroup
https://clutch.co/profile/ukrany,,Ukrany
https://clutch.co/profile/valuedriven,,VALUEDRIVEN
https://clutch.co/profile/sd-solutions,,SD Solutions
https://clutch.co/profile/qartrock,,QArtrock
https://clutch.co/profile/usoftware-0,,uSoftware
https://clutch.co/profile/sfox,,SFox
https://clutch.co/profile/vimera,,Vimera
https://clutch.co/profile/sqrdtech,,SQRD.tech
https://clutch.co/profile/sensidev,,Sensidev
https://clutch.co/profile/init-group,,Init Group
https://clutch.co/profile/customertimes-corp,,Customertimes Corp
https://clutch.co/profile/truenode,,TrueNode
https://clutch.co/profile/team-harbour,,Team Harbour
https://clutch.co/profile/l-one-systems-gmbh,,L-One Systems GmbH
https://clutch.co/profile/developx,,DevelopX
https://clutch.co/profile/web-labs,,Web Labs Ltd.
https://clutch.co/profile/standard-1,,Standard 1
https://clutch.co/profile/crestaff-hiring-factory,,Crestaff Hiring Factory
https://clutch.co/profile/human-power,,Human Power
https://clutch.co/profile/marble-it,,Marble IT
https://clutch.co/profile/plan-1,,Plan A
https://clutch.co/profile/svitsoftware,,SvitSoftware
https://clutch.co/profile/flawlessmlm-flawless-group,,FlawlessMLM and Flawless Group
https://clutch.co/profile/netls-software-development,,NetLS Software Development
https://clutch.co/profile/uppeople,,UPPeople
https://clutch.co/profile/ace-0,,ACE
https://clutch.co/profile/devbranch,,DevBranch
https://clutch.co/profile/yellow-recruiting-company,,Yellow Recruiting Company
https://clutch.co/profile/jsd-solutions,,JSD Solutions
https://clutch.co/profile/hivex,,Hivex
https://clutch.co/profile/gtm-plus,,GTM Plus
https://clutch.co/profile/frontetica,,Frontetica
https://clutch.co/profile/codequest,,codequest
https://clutch.co/profile/mintymint,,MintyMint
https://clutch.co/profile/varwise,,Varwise
https://clutch.co/profile/mainsoft,,Mainsoft
https://clutch.co/profile/brainy-agency,,Brainy Agency
https://clutch.co/profile/unai,,Unai Ltd
https://clutch.co/profile/clearsky-logic,,ClearSky Logic
https://clutch.co/profile/4code-sp-z-oo,,4code sp. z o.o.
https://clutch.co/profile/hexis-technology-hub,,Hexis Technology Hub
https://clutch.co/profile/brainence,,Brainence
https://clutch.co/profile/talentica-agency,,Talentica Agency
https://clutch.co/profile/talenger,,Talenger
https://clutch.co/profile/vp-team,,VP Team
https://clutch.co/profile/udev-hub,,UDEV HUB
https://clutch.co/profile/softpositive,,SoftPositive
https://clutch.co/profile/triangu,,Triangu
https://clutch.co/profile/inforce,,Inforce
https://clutch.co/profile/reflection-infosys,,Reflection Infosys
https://clutch.co/profile/gravelsoft,,Gravelsoft
https://clutch.co/profile/softgeneral,,SoftGeneral
https://clutch.co/profile/qualysoft,,Qualysoft
https://clutch.co/profile/hireflare,,Hire&Flare
https://clutch.co/profile/altigee,,Altigee
https://clutch.co/profile/baltic-amadeus,,Baltic Amadeus
https://clutch.co/profile/raccoon-depot,,Raccoon Depot
https://clutch.co/profile/onectus-technologies,,Onectus technologies
https://clutch.co/profile/beereal-0,,BeeReal
https://clutch.co/profile/volcanic-internet,,Volcanic Internet
https://clutch.co/profile/exaco,,Exaco
https://clutch.co/profile/gremcy,,Gremcy
https://clutch.co/profile/goldenore,,Goldenore
https://clutch.co/profile/make-it-ua,,Make It In UA
https://clutch.co/profile/morethan,,MoreThan
https://clutch.co/profile/optiveum,,Optiveum
https://clutch.co/profile/zenwaycode,,ZenwayCode
https://clutch.co/profile/umind,,UMIND
https://clutch.co/profile/agile-fuel,,Agile Fuel
https://clutch.co/profile/bringonboard,,BringOnBoard
https://clutch.co/profile/dezital-technologies,,Dezital Technologies
https://clutch.co/profile/tupelo,,Tupelo Limited
https://clutch.co/profile/mission-hire-ex-tri-foundation,,Mission Hire (ex-Tri Foundation)
https://clutch.co/profile/algomine,,Algomine
https://clutch.co/profile/hire-ukrainian-developers,,Hire Ukrainian Developers
https://clutch.co/profile/software-interactive,,Software Interactive
https://clutch.co/profile/hks-manpower-group,,HKS Manpower Group
https://clutch.co/profile/mpc-1,,MPC
https://clutch.co/profile/sagiton,,Sagiton
https://clutch.co/profile/codepole,,Codepole
https://clutch.co/profile/taurus-quadra-0,,Taurus Quadra LTD
https://clutch.co/profile/razom-software,,Razom Software
https://clutch.co/profile/bilsoft,,BilSoft
https://clutch.co/profile/eudevelopers,,euDevelopers
https://clutch.co/profile/zaag-systems,,ZAAG SYSTEMS
https://clutch.co/profile/teamcubate,,Teamcubate
https://clutch.co/profile/genuitek,,Genuitek
https://clutch.co/profile/monosoft,,Monosoft
https://clutch.co/profile/techpods-jsc,,TechPods JSC
https://clutch.co/profile/cyber-bee,,Cyber Bee
https://clutch.co/profile/aplitt-sp-z-oo-0,,Aplitt sp. z o.o.
https://clutch.co/profile/viercode,,Viercode
https://clutch.co/profile/netfork,,Netfork
https://clutch.co/profile/oakfusion,,oakfusion
https://clutch.co/profile/rocktech-technologies,,Rocktech Technologies
https://clutch.co/profile/transition-technologies-psc,,Transition Technologies PSC
https://clutch.co/profile/satva-softech,,Satva Softech
https://clutch.co/profile/almacore,,AlmaCore
https://clutch.co/profile/vallex,,Vallex
https://clutch.co/profile/ubslogic,,UBSLogic
https://clutch.co/profile/shaped-thoughts,,Shaped Thoughts
https://clutch.co/profile/evlabs,,EVLabs
https://clutch.co/profile/10a-software-house,,10A Software House
https://clutch.co/profile/system-integration,,SYSTEM Integration
https://clutch.co/profile/resorcer,,Resorcer
https://clutch.co/profile/webcapital,,Webcapital
https://clutch.co/profile/mindpath-technology,,Mindpath Technology Limited
https://clutch.co/profile/captivate-solutions-tech,,Captivate Solutions Tech Ltd
https://clutch.co/profile/wave-europe,,Wave Europe
https://clutch.co/profile/bunch-consulting,,Bunch Consulting
https://clutch.co/profile/vinditek,,VindiTek
https://clutch.co/profile/weone,,WeOne
https://clutch.co/profile/developers-shore,,Developers Shore
https://clutch.co/profile/linkersoft-group,,LINKERSOFT GROUP
https://clutch.co/profile/softelligence,,Softelligence
https://clutch.co/profile/bost,,BOST
https://clutch.co/profile/iteamly,,iTeamly
https://clutch.co/profile/pratham-software,,Pratham Software
https://clutch.co/profile/devbox-technologies,,Devbox Technologies
https://clutch.co/profile/eveliko,,Eveliko
https://clutch.co/profile/directio,,Directio
https://clutch.co/profile/konnect-way,,Konnect Way
https://clutch.co/profile/osmium,,Osmium
https://clutch.co/profile/people-more-psa,,PEOPLE MORE P.S.A.
https://clutch.co/profile/cloudica,,Cloudica
https://clutch.co/profile/humanit,,HumanIT
https://clutch.co/profile/prographers,,Prographers
https://clutch.co/profile/matchitme,,Matchit.me
https://clutch.co/profile/digihey,,Digihey
https://clutch.co/profile/itselecta-it-recruitment,,ITSELECTA IT Recruitment
https://clutch.co/profile/outcloud,,Out.Cloud
https://clutch.co/profile/webx-software-0,,WebX Software
https://clutch.co/profile/mente,,Mente
https://clutch.co/profile/make-it,,Make IT
https://clutch.co/profile/quontex,,Quontex
https://clutch.co/profile/croatiatechcom,,CroatiaTech.com
https://clutch.co/profile/onwelo,,Onwelo
https://clutch.co/profile/businessskills,,Businessskills
https://clutch.co/profile/whirr-crew-sro,,Whirr Crew s.r.o.
https://clutch.co/profile/zero-down-time,,Zero Down Time Ltd
https://clutch.co/profile/suntechit-global,,SuntechIT Global
https://clutch.co/profile/meritstory,,MeritStory
https://clutch.co/profile/futurecode-it-consulting,,FutureCode IT Consulting
https://clutch.co/profile/zenitech,,Zenitech
https://clutch.co/profile/kodevent-0,,Kodevent
https://clutch.co/profile/aisconverse,,Aisconverse
https://clutch.co/profile/tumba-solutions,,Tumba Solutions
https://clutch.co/profile/apter,,Apter
https://clutch.co/profile/punktum,,punktum
https://clutch.co/profile/digital-hiring-it-digital-recruitment-poland-europe-ukraine-us,,"Digital Hiring     🚀 IT & Digital Recruitment | Poland, Europe, Ukraine, US 🚀"
https://clutch.co/profile/makelite,,MakeLite
https://clutch.co/profile/foreto,,Foreto
https://clutch.co/profile/920-solutions-0,,920 Solutions
https://clutch.co/profile/wisedigitaltech,,Wisedigital.tech
https://clutch.co/profile/itsteady-0,,ITSTEADY
https://clutch.co/profile/trilight-security,,Trilight Security
https://clutch.co/profile/prostrive-bv,,Prostrive BV
https://clutch.co/profile/softelnet,,Softelnet
https://clutch.co/profile/it-resistance,,IT Resistance
https://clutch.co/profile/dyrectorio,,dyrector.io
https://clutch.co/profile/skytech-it,,Skytech IT
https://clutch.co/profile/opentech,,Opentech
https://clutch.co/profile/yozmatech,,YozmaTech
https://clutch.co/profile/queenslab,,QueensLab
https://clutch.co/profile/creative-cooperative,,Creative Cooperative
https://clutch.co/profile/connectpoint,,ConnectPoint
https://clutch.co/profile/code-provider,,Code Provider
https://clutch.co/profile/one-technology-services,,ONE Technology Services
https://clutch.co/profile/qaltivate,,Qaltivate
https://clutch.co/profile/geek-solutions,,Geek-Solutions
https://clutch.co/profile/logik-labs,,Logik Labs
https://clutch.co/profile/growin,,Growin
https://clutch.co/profile/webmagnat,,WebMagnat
https://clutch.co/profile/fomo-solutions-sp-z-oo,,FOMO Solutions Sp. z o.o.
https://clutch.co/profile/apom-solutions,,APOM Solutions
https://clutch.co/profile/itboom-sp-z-oo,,ITBoom sp. z. o.o.
https://clutch.co/profile/smart-working,,Smart Working
https://clutch.co/profile/krystosoft,,Krystosoft
https://clutch.co/profile/veezble,,veezble
https://clutch.co/profile/finestmedia,,Finestmedia
https://clutch.co/profile/itsg-global,,ITSG Global
https://clutch.co/profile/code-badgers,,Code Badgers
https://clutch.co/profile/tech-ask-ou,,Tech Ask OU
https://clutch.co/profile/rewsoft,,REWSOFT
https://clutch.co/profile/findigo,,Findigo
https://clutch.co/profile/furious-fox,,Furious Fox Limited
https://clutch.co/profile/siteclick,,Siteclick
https://clutch.co/profile/cloud-primero,,Cloud Primero
https://clutch.co/profile/spyrosoft,,Spyrosoft
https://clutch.co/profile/amaris,,Amaris
https://clutch.co/profile/redtag,,Redtag
https://clutch.co/profile/tsmg-holding,,TSMG Holding
https://clutch.co/profile/webellian,,Webellian
https://clutch.co/profile/cloud9devs,,Cloud9devs
https://clutch.co/profile/inkodus-uab,,"Inkodus, UAB"
https://clutch.co/profile/corescripts-technologies,,CoreScripts Technologies LTD
https://clutch.co/profile/house-code,,The House Of Code
https://clutch.co/profile/musketeers-tech,,Musketeers Tech Inc.
https://clutch.co/profile/cognitum-services-sa,,Cognitum Services SA
https://clutch.co/profile/codeclutch,,codeclutch
https://clutch.co/profile/intway,,Intway
https://clutch.co/profile/artecha,,Artecha
https://clutch.co/profile/digitals-oyt,,Digitals OYT Ltd.
https://clutch.co/profile/crunch,,Crunch
https://clutch.co/profile/sharpminds-bv,,SharpMinds B.V.
https://clutch.co/profile/amsterdam-standard,,Amsterdam Standard
https://clutch.co/profile/jdv-technologies,,JDV Technologies
https://clutch.co/profile/workitnow,,WORKITNOW
https://clutch.co/profile/lighthouse-growth-sp-z-oo,,Lighthouse growth sp. z o.o.
https://clutch.co/profile/sphinx-worldbiz,,Sphinx Worldbiz
https://clutch.co/profile/dvash,,Dvash
https://clutch.co/profile/epinote,,Epinote
https://clutch.co/profile/aberit-interactive-agency-software-house,,Aberit Interactive Agency & Software House
https://clutch.co/profile/newredo,,NewRedo Ltd.
https://clutch.co/profile/saratoga,,Saratoga
https://clutch.co/profile/ameware-group,,Ameware Group
https://clutch.co/profile/peoly,,peoly
https://clutch.co/profile/romark,,Romark
https://clutch.co/profile/nortik-software-solutions,,Nortik Software Solutions
https://clutch.co/profile/riff-point,,Riff Point LLC
https://clutch.co/profile/wunderbytes,,WunderBytes
https://clutch.co/profile/boosta,,Boosta
https://clutch.co/profile/it-engine,,IT Engine
https://clutch.co/profile/owleks,,Owleks
https://clutch.co/profile/scube,,SCube
https://clutch.co/profile/motion-software,,Motion Software
https://clutch.co/profile/aelum-consulting-servicenow-premier-partner,,Aelum Consulting - ServiceNow Premier Partner
https://clutch.co/profile/communere,,Communere Ltd
https://clutch.co/profile/aspire-software-consultancy,,Aspire Software Consultancy
https://clutch.co/profile/intertecio,,Intertec.io
https://clutch.co/profile/yotalabs,,Yotalabs
https://clutch.co/profile/crewnewcom,,CrewNew.com
https://clutch.co/profile/blackbelt-holding-zrt,,BlackBelt Holding Zrt.
https://clutch.co/profile/altasoft-software-solutions,,Altasoft Software Solutions
https://clutch.co/profile/uptalen,,Uptalen
https://clutch.co/profile/teceze,,Teceze Ltd
https://clutch.co/profile/plenti,,Plenti
https://clutch.co/profile/skillreveal-gmbh-0,,skillreveal Gmbh
https://clutch.co/profile/suto-games,,Suto Games
https://clutch.co/profile/wunderdog-0,,Wunderdog
https://clutch.co/profile/7ninjas,,7ninjas
https://clutch.co/profile/kontorva,,KontorVA
https://clutch.co/profile/silesiaworks,,SilesiaWorks
https://clutch.co/profile/leksq,,LEKSQ
https://clutch.co/profile/trendline,,TrendLine
https://clutch.co/profile/mindsampampampampampampampampmore,,minds&amp;amp;amp;amp;amp;amp;amp;amp;more
https://clutch.co/profile/krasty-soft,,Krasty Soft
https://clutch.co/profile/remotestar,,RemoteStar Ltd.
https://clutch.co/profile/sidnet,,Sidnet
https://clutch.co/profile/imcrinox,,Imcrinox
https://clutch.co/profile/testinium,,Testinium
https://clutch.co/profile/execon-one,,Execon One
https://clutch.co/profile/dealinweb-srl,,Dealinweb SRL
https://clutch.co/profile/deployflow,,Deployflow
https://clutch.co/profile/max-planck,,Max Planck
https://clutch.co/profile/attrecto-next-tech-digital-solutions,,Attrecto Next Tech Digital Solutions
https://clutch.co/profile/avantgarde-labs,,Avantgarde Labs
https://clutch.co/profile/ortom8,,Ortom8 Limited
https://clutch.co/profile/black-rack,,Black Rack
https://clutch.co/profile/thegravity,,TheGravity
https://clutch.co/profile/byteminds,,Byteminds
https://clutch.co/profile/codeseek,,CodeSeek
https://clutch.co/profile/altimi,,Altimi
https://clutch.co/profile/dkc-software,,DKC Software
https://clutch.co/profile/jazzros,,Jazzros
https://clutch.co/profile/ginkgo-ukraine,,Ginkgo Ukraine
https://clutch.co/profile/orange-sputnik,,Orange Sputnik
https://clutch.co/profile/smart-net,,SMART NET
https://clutch.co/profile/smartlinks,,SmartLinks
https://clutch.co/profile/glove,,Glove
https://clutch.co/profile/fleye-0,,Fleye
https://clutch.co/profile/blueghost,,BlueGhost
https://clutch.co/profile/innovensa,,Innovensa Ltd
https://clutch.co/profile/mle-systems-0,,MLE SYSTEMS
https://clutch.co/profile/abc-tech-group,,ABC Tech Group
https://clutch.co/profile/lets-go-devops,,Let's Go DevOps
https://clutch.co/profile/aimtraction,,Aimtraction
https://clutch.co/profile/dcg,,DCG
https://clutch.co/profile/welf-lab,,Welf Lab
https://clutch.co/profile/innovagile,,innovAgile
https://clutch.co/profile/noma-solutions,,NOMA SOLUTIONS
https://clutch.co/profile/koukio-solutions,,Koukio Solutions
https://clutch.co/profile/servalit,,Servalit
https://clutch.co/profile/nomadcy,,Nomadcy
https://clutch.co/profile/wtmcodex-ug,,WTMCodex UG
https://clutch.co/profile/maxylogic,,MaxyLogic
https://clutch.co/profile/clever-solutions,,Clever Solutions
https://clutch.co/profile/qoobdev,,Qoob.dev
https://clutch.co/profile/urolime-technologies,,Urolime Technologies
https://clutch.co/profile/6bridges,,6bridges
https://clutch.co/profile/appniv,,Appniv
https://clutch.co/profile/aerodlv,,AeroDlv
https://clutch.co/profile/qualbees,,Qualbees
https://clutch.co/profile/suitedsoft,,SuitedSoft
https://clutch.co/profile/ambo-software,,Ambo Software
https://clutch.co/profile/soft-0,,INC SOFT
https://clutch.co/profile/intagleo-systems,,Intagleo Systems
https://clutch.co/profile/xessable,,Xessable
https://clutch.co/profile/symphony-solutions,,Symphony Solutions
https://clutch.co/profile/pitechplus,,PitechPlus
https://clutch.co/profile/game-ace,,Game-Ace
https://clutch.co/profile/cyber64-adobe-experience-cloud,,Cyber64 - Adobe Experience Cloud
https://clutch.co/profile/softaims,,Softaims
https://clutch.co/profile/expert-allies,,Expert Allies
https://clutch.co/profile/yotewo,,Yotewo
https://clutch.co/profile/talentshub,,Talentshub
https://clutch.co/profile/arrowhead-development-doo,,Arrowhead Development DOO
https://clutch.co/profile/saqaya,,SAQAYA
https://clutch.co/profile/gabsoft,,Gabsoft
https://clutch.co/profile/ittude,,ITtude
https://clutch.co/profile/pomerico-group,,Pomerico Group
https://clutch.co/profile/ultimate-games-mobile,,Ultimate Games Mobile
https://clutch.co/profile/devsoldiers,,DEVSOLDIERS
https://clutch.co/profile/photon-brains,,Photon Brains
https://clutch.co/profile/f10-software-solutions,,F10 Software Solutions
https://clutch.co/profile/smartchoice-international,,Smartchoice International
https://clutch.co/profile/pradeepit-consulting-services-private,,PradeepIT Consulting Services Private Limited
https://clutch.co/profile/rubycode,,Rubycode
https://clutch.co/profile/trust-recruitment-services,,Trust Recruitment Services
https://clutch.co/profile/cosumus,,Cosumus
https://clutch.co/profile/heads-here,,Heads Here
https://clutch.co/profile/checkmate-global-technologies,,Checkmate Global Technologies
https://clutch.co/profile/innovations-business-0,,Innovations for Business
https://clutch.co/profile/engineer-box,,Engineer Box
https://clutch.co/profile/it-leadeu-software-outsourcing-company,,IT-LEAD.EU | Software Outsourcing Company
https://clutch.co/profile/intertrade-consulting,,INTERTRADE CONSULTING
https://clutch.co/profile/codify-idea,,Codify Idea
